483185927304935347896418057
536552149525223243185901020
574405726726051370654439809
579112442560584312466926755
399338364644297087561088931
675668484263073664762695057
339288346090253461458199975
136634691821065150822606779
662676096437425712354635982
399338364644297087561088931
662676096437425712354635982
62504528381890028095685518
470328079608751402716144730
683436786594345456338051718
637743774088567984868749639
536552149525223243185901020
470328079608751402716144730
536552149525223243185901020
675668484263073664762695057
579112442560584312466926755
399338364644297087561088931
55370673499998992607432038
399338364644297087561088931
136634691821065150822606779
662676096437425712354635982
536552149525223243185901020
470328079608751402716144730
662676096437425712354635982
36023125874556464616797040
35086573989334067777973445
712969942975031105859056296
596869984612834494109322565
596869984612834494109322565
596869984612834494109322565
66711939157975588117514263
35086573989334067777973445
399338364644297087561088931
637743774088567984868749639
329895411799284346097106
536552149525223243185901020
662676096437425712354635982
574405726726051370654439809
399338364644297087561088931
637743774088567984868749639
329895411799284346097106
536552149525223243185901020
662676096437425712354635982
132386444257297990034375947
399338364644297087561088931
637743774088567984868749639
536552149525223243185901020
428558859471466606020508574
399338364644297087561088931
662676096437425712354635982
579112442560584312466926755
136634691821065150822606779
339288346090253461458199975
399338364644297087561088931
66711939157975588117514263
550099178962076816387011892
136634691821065150822606779
136634691821065150822606779
136634691821065150822606779
136634691821065150822606779
136634691821065150822606779
